0.0
0.0
0.0
0.0
0.0
0.0
0.0
0.0
0.0
0.0
0.0
0.0
0.0
0.012890625
0.0
0.012890625
0.02578125
0.02578125
0.02578125
0.038671874999999994
0.0515625
0.038671874999999994
0.064453125
0.064453125
0.064453125
0.07734374999999999
0.07734374999999999
0.09023437499999999
0.07734374999999999
0.09023437499999999
0.09023437499999999
0.103125
0.103125
0.103125
0.116015625
0.12890625
0.12890625
0.141796875
0.12890625
0.141796875
0.141796875
0.15468749999999998
0.167578125
0.167578125
0.167578125
0.167578125
0.18046874999999998
0.193359375
0.18046874999999998
0.193359375
0.18046874999999998
0.20625
0.193359375
0.193359375
0.193359375
0.21914062499999998
0.21914062499999998
0.23203125
0.23203125
0.23203125
0.23203125
0.24492187499999998
0.24492187499999998
0.2578125
0.24492187499999998
0.2578125
0.270703125
0.2578125
0.270703125
0.2578125
0.270703125
0.28359375
0.28359375
0.28359375
0.29648437499999997
0.29648437499999997
0.30937499999999996
0.29648437499999997
0.30937499999999996
0.30937499999999996
0.30937499999999996
0.30937499999999996
0.30937499999999996
0.30937499999999996
0.322265625
0.322265625
0.33515625
0.33515625
0.33515625
0.33515625
0.33515625
0.348046875
0.348046875
0.348046875
0.36093749999999997
0.36093749999999997
0.36093749999999997
0.36093749999999997
0.36093749999999997
0.36093749999999997
0.37382812499999996
0.37382812499999996
0.38671875
0.37382812499999996
0.38671875
0.38671875
0.399609375
0.38671875
0.37382812499999996
0.38671875
0.399609375
0.399609375
0.399609375
0.399609375
0.399609375
0.4125
0.4125
0.42539062499999997
0.42539062499999997
0.42539062499999997
0.42539062499999997
0.42539062499999997
0.43828124999999996
0.43828124999999996
0.43828124999999996
0.451171875
0.43828124999999996
0.43828124999999996
0.451171875
0.43828124999999996
0.451171875
0.451171875
0.451171875
0.4640625
0.4640625
0.451171875
0.4640625
0.4640625
0.4640625
0.476953125
0.476953125
0.476953125
0.476953125
0.476953125
0.476953125
0.476953125
0.48984374999999997
0.476953125
0.48984374999999997
0.48984374999999997
0.48984374999999997
0.502734375
0.502734375
0.48984374999999997
0.502734375
0.48984374999999997
0.502734375
0.502734375
0.515625
0.5285156249999999
0.554296875
0.5671875
0.5929687499999999
0.605859375
0.605859375
0.64453125
0.6574218749999999
0.6832031249999999
0.69609375
0.7218749999999999
0.7476562499999999
0.760546875
0.7734375
0.79921875
0.8121093749999999
0.837890625
0.8507812499999999
0.863671875
0.889453125
0.90234375
0.928125
0.9410156249999999
0.95390625
0.966796875
0.992578125
0.992578125
1.018359375
1.044140625
1.044140625
1.069921875
1.0828125
1.095703125
1.1214843749999999
1.1214843749999999
1.147265625
1.147265625
1.173046875
1.198828125
1.21171875
1.224609375
1.224609375
1.2503906249999999
1.26328125
1.276171875
1.3019531249999998
1.3019531249999998
1.3148437499999999
1.327734375
1.340625
1.353515625
1.3664062499999998
1.3792968749999999
1.3921875
1.41796875
1.4308593749999998
1.4437499999999999
1.456640625
1.46953125
1.482421875
1.482421875
1.4953124999999998
1.52109375
1.533984375
1.546875
1.5597656249999998
1.5597656249999998
1.585546875
1.585546875
1.611328125
1.611328125
1.6242187499999998
1.6371093749999999
1.662890625
1.662890625
1.662890625
1.67578125
1.7015624999999999
1.65
0.0
